[{"id": 0, "img_name": "IR_SC_352021_IR_-22_848_425_150_800X600.png", "width": 800, "height": 600, "position": [-3.221869005354732, 0.1687443057033295, 1.9007252437433266], "rotation": [[-0.43881754435213366, 0.08095141144541433, 0.8949223607407282], [-0.0040256425672030105, 0.9957466600894324, -0.09204554917355676], [-0.8985671688697978, -0.043993839406623436, -0.43662522272949356]], "fy": 391.7729, "fx": 370.043}, {"id": 1, "img_name": "IR_SC_418786_IR_0_-1112_1655_-75_800X600.png", "width": 800, "height": 600, "position": [4.449571377759803, -0.1667540022984925, -1.6146730975702142], "rotation": [[0.958588189066165, -0.01622176221621915, -0.2843334982260277], [0.01679183529070205, 0.9998589135855359, -0.0004326558928437688], [0.28430040107326615, -0.00435974244103067, 0.958725338454882]], "fy": 391.7729, "fx": 370.043}, {"id": 2, "img_name": "IR_SC_551399_IR_1_791_420_157_800X600.png", "width": 800, "height": 600, "position": [-2.9516262588558955, 0.16012560897213304, 1.9823258661327796], "rotation": [[-0.3540574896193643, 0.08000134850684573, 0.9317956204455567], [-0.007331679522616837, 0.9960664734137801, -0.08830530570930027], [-0.9351949211366639, -0.03809678172919012, -0.35207825082226685]], "fy": 391.7729, "fx": 370.043}, {"id": 3, "img_name": "IR_SC_609581_IR_-88_79_1439_-65_800X600.png", "width": 800, "height": 600, "position": [-0.7081334718562659, -0.05310545301818767, -0.9843600029310466], "rotation": [[0.8629676214207795, -0.011508189206727472, -0.5051281480580389], [0.016380752349934264, 0.9998522746598462, 0.005205747783117257], [0.5049936191000952, -0.01276677088043286, 0.8630286520327551]], "fy": 391.7729, "fx": 370.043}, {"id": 4, "img_name": "IR_SL_349187_IR_88_1145_425_141_800X600.png", "width": 800, "height": 600, "position": [-4.583931755925547, 0.18379784295976007, 1.7490783769322753], "rotation": [[-0.5892694607165319, 0.07841032805388276, 0.8041227040205554], [0.012165964523314523, 0.9960278039804074, -0.08820772644833692], [-0.8078449677840822, -0.04219519110573705, -0.5878827041795711]], "fy": 391.7729, "fx": 370.043}, {"id": 5, "img_name": "IR_SL_384443_IR_61_529_2158_-155_800X600.png", "width": 800, "height": 600, "position": [-1.4567263396247119, -0.14433073126088342, -4.5032823216310645], "rotation": [[0.44866151419890227, 0.05147872874536968, 0.8922179028485747], [-0.027831128037208348, 0.9986602464775736, -0.04362499762210168], [-0.8932683101895672, -0.005258573201212556, 0.4494931294457821]], "fy": 391.7729, "fx": 370.043}, {"id": 6, "img_name": "IR_SL_384610_IR_61_528_2158_-145_800X600.png", "width": 800, "height": 600, "position": [-1.4881792248270986, -0.14045329762366793, -4.38604570912888], "rotation": [[0.5892917080321701, 0.043813512574815666, 0.8067314664498862], [-0.0272120608469805, 0.9990382926646809, -0.0343801328400481], [-0.8074619412634799, -0.0016928985485232823, 0.5899172378440186]], "fy": 391.7729, "fx": 370.043}, {"id": 7, "img_name": "IR_SL_393781_IR_-40_218_2055_-79_800X600.png", "width": 800, "height": 600, "position": [-0.8776067131452234, -0.12067400780907649, -3.425785397352971], "rotation": [[0.9698978572808822, -0.01174142980003757, -0.24322887424852382], [0.013108760746229686, 0.9999060607018596, 0.004003768648034312], [0.24315901553027292, -0.0070716757518755405, 0.9699606613509689]], "fy": 391.7729, "fx": 370.043}, {"id": 8, "img_name": "IR_SL_393948_IR_-45_218_2050_-87_800X600.png", "width": 800, "height": 600, "position": [-0.8049836504141593, -0.12060923610664326, -3.417217207315107], "rotation": [[0.9931465649943759, -0.006605075325260414, -0.11668878874947519], [0.00698834419735933, 0.9999714462562908, 0.002875711647790248], [0.11666646255566013, -0.0036714645646714846, 0.9931643654817157]], "fy": 391.7729, "fx": 370.043}, {"id": 9, "img_name": "IR_SL_428538_IR_23_-785_490_22_800X600.png", "width": 800, "height": 600, "position": [2.3453100170053034, 0.048037267380542495, 2.2365988754975636], "rotation": [[-0.4239352301889904, -0.007165667900876645, -0.9056641617112502], [0.07766580163076033, 0.9959976245716731, -0.04423522470425896], [0.902356328653852, -0.08909200329501654, -0.4216819548987383]], "fy": 391.7729, "fx": 370.043}, {"id": 10, "img_name": "IR_SL_428705_IR_19_-773_497_26_800X600.png", "width": 800, "height": 600, "position": [2.293209536411503, 0.04512334762493234, 2.1578627291721353], "rotation": [[-0.4840813456805627, -0.004504166445640274, -0.8750114074963393], [0.07808787615101334, 0.9957745012573596, -0.04832624798058323], [0.8715317173587654, -0.09172161757343135, -0.48168413977148306]], "fy": 391.7729, "fx": 370.043}, {"id": 11, "img_name": "IR_SL_485551_IR_90_166_-329_60_800X600.png", "width": 800, "height": 600, "position": [-1.592172347193349, 0.2710401203077503, 5.1320816288179225], "rotation": [[-0.8731103704934625, 0.01964626882477764, -0.4871265801185897], [0.06462273735569839, 0.9950345985283847, -0.07569709075065317], [0.4832206356866651, -0.09757136799656325, -0.8700446226452148]], "fy": 391.7729, "fx": 370.043}, {"id": 12, "img_name": "IR_SL_505971_IR_13_1164_-96_175_800X600.png", "width": 800, "height": 600, "position": [-4.4510944987136325, 0.29083361452897377, 4.252942668189499], "rotation": [[-0.054746020464349426, 0.07872727782988277, 0.9953918268545373], [-0.016778556787436463, 0.9966735594086735, -0.07975146398515981], [-0.998359330739913, -0.021067313572022378, -0.0532429809778742]], "fy": 391.7729, "fx": 370.043}, {"id": 13, "img_name": "IR_SL_506137_IR_15_1151_-93_177_800X600.png", "width": 800, "height": 600, "position": [-4.407429376699622, 0.2877148429843615, 4.282002862980621], "rotation": [[-0.016515773162332974, 0.07709111656916706, 0.9968872498848448], [-0.01703548617817885, 0.9968568207928463, -0.07737099617719968], [-0.999718471094499, -0.018260300788822383, -0.01515057647676467]], "fy": 391.7729, "fx": 370.043}, {"id": 14, "img_name": "IR_SL_540647_IR_-92_-339_300_15_800X600.png", "width": 800, "height": 600, "position": [0.46134614902825566, 0.11857912861003829, 2.8973846612714897], "rotation": [[-0.3349829085375659, -0.01839548126434804, -0.9420446153217825], [0.06747377578658731, 0.9967741739590057, -0.04345728603402474], [0.9398051609609371, -0.07812075522801042, -0.3326610993696005]], "fy": 391.7729, "fx": 370.043}, {"id": 15, "img_name": "IR_SL_551399_IR_1_791_420_157_800X600.png", "width": 800, "height": 600, "position": [-2.9516262588558955, 0.16012560897213304, 1.9823258661327796], "rotation": [[-0.3540574896193643, 0.08000134850684573, 0.9317956204455567], [-0.007331679522616837, 0.9960664734137801, -0.08830530570930027], [-0.9351949211366639, -0.03809678172919012, -0.35207825082226685]], "fy": 391.7729, "fx": 370.043}, {"id": 16, "img_name": "IR_SL_609498_IR_-92_80_1436_-56_800X600.png", "width": 800, "height": 600, "position": [-0.7863298471962965, -0.05165683574702476, -1.0183145676480332], "rotation": [[0.7912230000417391, -0.014415006263677158, -0.6113578099602297], [0.02287435629056843, 0.9997201499039221, 0.0060320560650035035], [0.6110997692924146, -0.018757117862223963, 0.7913313101983646]], "fy": 391.7729, "fx": 370.043}, {"id": 17, "img_name": "IR_SL_621415_IR_3_-876_1090_0_800X600.png", "width": 800, "height": 600, "position": [2.7707112932265465, -0.06660079524915039, 0.050016471263321136], "rotation": [[-0.04256639364458916, -0.02326039753821964, -0.9988228351606991], [0.07256693826316464, 0.9970164376101736, -0.02631088379794255], [0.996454786532336, -0.07360147445182583, -0.04075145832130798]], "fy": 391.7729, "fx": 370.043}, {"id": 18, "img_name": "IR_SL_622581_IR_0_-679_1090_1_800X600.png", "width": 800, "height": 600, "position": [1.8994274301933614, -0.04680489939387128, -0.011002972634511974], "rotation": [[-0.06717289122762814, -0.02084080086704042, -0.9975236657359771], [0.07110644946025603, 0.9971396261830483, -0.025621060491067302], [0.9952043385804126, -0.07265140683256754, -0.06549883629478818]], "fy": 391.7729, "fx": 370.043}, {"id": 19, "img_name": "IR_SL_622831_IR_-93_-653_1090_-12_800X600.png", "width": 800, "height": 600, "position": [1.8134200122444832, -0.026495787402686242, 0.1591550052924518], "rotation": [[0.17545958118572333, -0.03072935334177619, -0.9840069319945498], [0.05803891302661099, 0.9980971878384368, -0.020820379528088705], [0.9827743484365167, -0.05345755767148774, 0.17690921282674774]], "fy": 391.7729, "fx": 370.043}, {"id": 20, "img_name": "IR_SL_719187_IR_0_-1048_2092_-27_800X600.png", "width": 800, "height": 600, "position": [3.7025480136613464, -0.25168256917031495, -3.654242131657003], "rotation": [[0.42748548557079374, -0.027731195869491417, -0.9035967797651508], [0.06190163307514683, 0.9980813478895425, -0.001345666237957039], [0.9019004088306715, -0.05535886352375734, 0.4283818959531616]], "fy": 391.7729, "fx": 370.043}, {"id": 21, "img_name": "IR_SL_744359_IR_86_-846_790_40_800X600.png", "width": 800, "height": 600, "position": [2.6885033024434466, -0.027289862765234325, 0.8461168733414735], "rotation": [[-0.6447159520227821, 0.006070322781674685, -0.7643981242707781], [0.07763848995522885, 0.9953175295836314, -0.057578469769601195], [0.7604693327707762, -0.09646847404651596, -0.6421683793447845]], "fy": 391.7729, "fx": 370.043}, {"id": 22, "img_name": "IR_SL_884725_IR_0_461_142_89_800X600.png", "width": 800, "height": 600, "position": [-2.3158572238496853, 0.1844727114084165, 2.89845340492542], "rotation": [[-0.9986903950357843, 0.04995195084371156, 0.011058818660967338], [0.04872884305547792, 0.9945773523754035, -0.09187703737282253], [-0.015588287838737684, -0.09121783130967237, -0.9957089497104142]], "fy": 391.7729, "fx": 370.043}, {"id": 23, "img_name": "IR_SL_884892_IR_1_463_197_89_800X600.png", "width": 800, "height": 600, "position": [-2.3161385034940225, 0.17398046587229654, 2.6933083426861906], "rotation": [[-0.9986487086840032, 0.05004108626668937, 0.014023064180914036], [0.04854620829590014, 0.9945804746768235, -0.09193989912826617], [-0.01854783825310533, -0.09113489494630712, -0.9956658117155884]], "fy": 391.7729, "fx": 370.043}, {"id": 24, "img_name": "IR_SL_885059_IR_0_463_241_89_800X600.png", "width": 800, "height": 600, "position": [-2.3140583084751434, 0.165574780710855, 2.4885196045217475], "rotation": [[-0.9985892078484455, 0.05054336618954517, 0.016277656552539595], [0.04883276900713148, 0.9945297875753114, -0.09233559604238398], [-0.020855566156521205, -0.09141044666577074, -0.9955948852824898]], "fy": 391.7729, "fx": 370.043}, {"id": 25, "img_name": "IR_SL_885309_IR_0_463_301_89_800X600.png", "width": 800, "height": 600, "position": [-2.31164199760929, 0.15267098239118965, 2.220397463128451], "rotation": [[-0.9985206916112073, 0.050807248833110344, 0.019366256486099066], [0.04881211890440137, 0.9945259106575669, -0.09238825725599455], [-0.02395423704352841, -0.09130627851767728, -0.9955347096063069]], "fy": 391.7729, "fx": 370.043}, {"id": 26, "img_name": "IR_SL_885643_IR_0_464_346_89_800X600.png", "width": 800, "height": 600, "position": [-2.3129316533109736, 0.1416648067923032, 2.0247292968859196], "rotation": [[-0.99854920114251, 0.049998501566036406, 0.019991066474932297], [0.047969329376676015, 0.9946413847017902, -0.09158307309572794], [-0.024462958463891377, -0.09049124642558821, -0.9955967547072139]], "fy": 391.7729, "fx": 370.043}, {"id": 27, "img_name": "IR_SL_898812_IR_-1_158_338_89_800X600.png", "width": 800, "height": 600, "position": [-1.047740919683545, 0.11417003967829344, 2.1521771813396655], "rotation": [[-0.9986523555900766, 0.046062768134726595, 0.023910124762465144], [0.04354816011116991, 0.9943555927786927, -0.09674974346563701], [-0.028231727281945455, -0.09557811727326018, -0.9950215038245033]], "fy": 391.7729, "fx": 370.043}, {"id": 28, "img_name": "IR_SL_899478_IR_85_141_387_131_800X600.png", "width": 800, "height": 600, "position": [-0.6046881494738485, 0.08574850440621111, 2.036159903748211], "rotation": [[-0.7419558858516001, 0.07515708902265421, 0.6662228421630465], [0.024214521931710656, 0.9960526015328678, -0.08539831325749228], [-0.6700112837690013, -0.047229513540231444, -0.7408469833055723]], "fy": 391.7729, "fx": 370.043}, {"id": 29, "img_name": "IR_SL_912314_IR_95_-145_398_114_800X600.png", "width": 800, "height": 600, "position": [0.5144014689215313, 0.07116805878446847, 1.9343792144239302], "rotation": [[-0.9033725985139139, 0.06391529839177044, 0.42406695566350067], [0.025722378159668605, 0.9951267378495543, -0.09518999358501626], [-0.428084463063108, -0.07508402125882296, -0.9006142804972472]], "fy": 391.7729, "fx": 370.043}, {"id": 30, "img_name": "IR_SL_924566_IR_77_-448_21_97_800X600.png", "width": 800, "height": 600, "position": [1.4916049527141295, 0.12363178870944681, 3.5003948084395664], "rotation": [[-0.9886963232511153, 0.054525390311564864, 0.1396658949103098], [0.041890834120920734, 0.9948905455519969, -0.09185837135451305], [-0.14396089193381545, -0.08496931318200487, -0.9859287385054758]], "fy": 391.7729, "fx": 370.043}, {"id": 31, "img_name": "IR_SL_936652_IR_0_-712_31_89_800X600.png", "width": 800, "height": 600, "position": [2.510370492862101, 0.10337455416428197, 3.492113902773111], "rotation": [[-0.9984515813513726, 0.048761542465101414, 0.026772218312407704], [0.046199720402966965, 0.9949456364080786, -0.08915585469957142], [-0.03098427878184007, -0.08778093511091989, -0.9956578136585988]], "fy": 391.7729, "fx": 370.043}, {"id": 32, "img_name": "OBJ_SC_532226_IR_12_1028_168_179_livingRoom.7319_800X600.png", "width": 800, "height": 600, "position": [-3.846516682153812, 0.23099014469164092, 3.280263520784927], "rotation": [[0.017517573603930983, 0.07595407779729911, 0.996957427717449], [-0.018551087885733602, 0.9969634775130297, -0.07562857689645311], [-0.9996744428829248, -0.01716981569757714, 0.01887341187026299]], "fy": 391.7729, "fx": 370.043}, {"id": 33, "img_name": "OBJ_SC_824796_IR_0_458_1600_-92_livingRoom.8631_800X600.png", "width": 800, "height": 600, "position": [-1.9007304125730287, -0.023069348716828728, -1.6836817494484109], "rotation": [[0.9999909314803611, -0.003770201810513504, 0.001980539155832321], [0.0037783390652877907, 0.9999843703934803, -0.004121058439583658], [-0.0019649709787944686, 0.0041285042161470775, 0.9999895471163636]], "fy": 391.7729, "fx": 370.043}, {"id": 34, "img_name": "OBJ_SC_883975_IR_0_455_-79_88_bedRoom.8562_800X600.png", "width": 800, "height": 600, "position": [-2.327110242957259, 0.22970498852481483, 3.8261944145726177], "rotation": [[-0.9985501248907743, 0.05209101068635981, 0.013571097460881039], [0.0506755121619741, 0.9947061198087429, -0.08939646347678559], [-0.018156005831151276, -0.08857912745510758, -0.9959036588102038]], "fy": 391.7729, "fx": 370.043}, {"id": 35, "img_name": "OBJ_SC_887141_IR_78_420_435_172_bedRoom.7895_800X600.png", "width": 800, "height": 600, "position": [-1.3855012468086354, 0.12039760839150838, 2.208819742632718], "rotation": [[-0.10500317488077983, 0.07648580426332455, 0.991526225074833], [-0.01324922671775112, 0.9968418792357324, -0.0782989514179805], [-0.9943836237872874, -0.021358594241336303, -0.1036581844125005]], "fy": 391.7729, "fx": 370.043}, {"id": 36, "img_name": "OBJ_SC_924066_IR_2_-449_-44_89_kitchen.7408_800X600.png", "width": 800, "height": 600, "position": [1.4040764233572571, 0.13750092297457978, 3.79136457077999], "rotation": [[-0.9983366630831674, 0.0503676680634306, 0.028053612206236627], [0.04766591263434328, 0.9948161902027799, -0.0898259900204928], [-0.03243251326525574, -0.08833937810670046, -0.9955622965736597]], "fy": 391.7729, "fx": 370.043}, {"id": 37, "img_name": "OBJ_SC_936735_IR_0_-712_31_89_kitchen.8218_800X600.png", "width": 800, "height": 600, "position": [2.5099512345496713, 0.10466994532309036, 3.491803162348718], "rotation": [[-0.998479309046271, 0.048163182361487075, 0.026821209355562845], [0.04559866273352332, 0.9949719410929537, -0.08917173540216741], [-0.030981145288629712, -0.0878131214713035, -0.995655072971594]], "fy": 391.7729, "fx": 370.043}, {"id": 38, "img_name": "OBJ_SL_351937_IR_-31_858_421_152_800X600.png", "width": 800, "height": 600, "position": [-3.2420128082966224, 0.16926650360422074, 1.937365492147518], "rotation": [[-0.40928129520505424, 0.08182402052030081, 0.908731891737693], [-0.00636660682217913, 0.995690344570644, -0.09252137075489099], [-0.9123860409458512, -0.04365280511817778, -0.40699649248177727]], "fy": 391.7729, "fx": 370.043}, {"id": 39, "img_name": "OBJ_SL_387361_IR_53_384_2138_-148_800X600.png", "width": 800, "height": 600, "position": [-0.8737354716334116, -0.14877520175935566, -4.289801476426111], "rotation": [[0.558561067872372, 0.04700707729394622, 0.8281303448984081], [-0.02838509221486872, 0.9988913523832852, -0.037554662478112656], [-0.8289775750870637, -0.0025299838285112383, 0.559276120699426]], "fy": 391.7729, "fx": 370.043}, {"id": 40, "img_name": "OBJ_SL_387528_IR_-39_375_2134_-147_800X600.png", "width": 800, "height": 600, "position": [-0.844261682842335, -0.14828930037129118, -4.2797776931709794], "rotation": [[0.5801212442306188, 0.047275306461940676, 0.8131570496473902], [-0.028562279851866573, 0.9988809754155908, -0.03769606242648737], [-0.8140291998214695, -0.0013573325780979824, 0.5808223648296357]], "fy": 391.7729, "fx": 370.043}, {"id": 41, "img_name": "OBJ_SL_418119_IR_-2_-1147_1780_-74_800X600.png", "width": 800, "height": 600, "position": [4.59240016956053, -0.19420019522867893, -2.132968141549249], "rotation": [[0.9542772151798734, -0.01766792247874907, -0.2984004710181111], [0.01868898677010129, 0.9998251840108121, 0.0005684991230841947], [0.2983382616461602, -0.00611930821505846, 0.9544405878340027]], "fy": 391.7729, "fx": 370.043}, {"id": 42, "img_name": "OBJ_SL_418786_IR_0_-1112_1655_-75_800X600.png", "width": 800, "height": 600, "position": [4.449631404490422, -0.16676314848561474, -1.6145648117000986], "rotation": [[0.9585803756436618, -0.016237650886266206, -0.28435893185295263], [0.01681326983507959, 0.9998585601693372, -0.0004166695963920712], [0.284325477909225, -0.004381592153029897, 0.9587178022034926]], "fy": 391.7729, "fx": 370.043}, {"id": 43, "img_name": "OBJ_SL_485717_IR_90_168_-329_75_800X600.png", "width": 800, "height": 600, "position": [-1.4298155088690572, 0.2652006667547896, 5.003707780671517], "rotation": [[-0.9687602975179371, 0.031927678785928594, -0.2459351729222565], [0.054842512247238746, 0.994706757770056, -0.08689513736104279], [0.24185901844539331, -0.09766826185576147, -0.9653834087152654]], "fy": 391.7729, "fx": 370.043}, {"id": 44, "img_name": "OBJ_SL_621665_IR_2_-838_1090_0_800X600.png", "width": 800, "height": 600, "position": [2.5740968824535737, -0.06279752823946705, 0.03201729358504418], "rotation": [[-0.0531419510564179, -0.024839321861009633, -0.9982779879008663], [0.07283154846224442, 0.9969317209202736, -0.02868291079255579], [0.9959274564879257, -0.07423039749608742, -0.051169810445846266]], "fy": 391.7729, "fx": 370.043}, {"id": 45, "img_name": "OBJ_SL_691179_IR_-5_530_1993_-129_800X600.png", "width": 800, "height": 600, "position": [-1.737926901027514, -0.09664505843742649, -3.5508962166314255], "rotation": [[0.8108201395497637, 0.02916461680426018, 0.5845683248578922], [-0.01906897414909391, 0.9995438663169464, -0.02341865779825004], [-0.5849846797356343, 0.007841201108950986, 0.8110064364971256]], "fy": 391.7729, "fx": 370.043}, {"id": 46, "img_name": "OBJ_SL_719020_IR_0_-1055_2096_-27_800X600.png", "width": 800, "height": 600, "position": [3.735351234566172, -0.2522860859047638, -3.662503496381862], "rotation": [[0.4283188312184004, -0.027641579060386577, -0.9032048061933415], [0.061646467989618384, 0.9980971860005577, -0.0013115952778425958], [0.901522430008321, -0.05511760521663021, 0.4292078258688619]], "fy": 391.7729, "fx": 370.043}, {"id": 47, "img_name": "OBJ_SL_736023_IR_-1_-1026_1830_-74_800X600.png", "width": 800, "height": 600, "position": [4.073769702423394, -0.19420069326452388, -2.357677349111036], "rotation": [[0.948496780103369, -0.01668248412898338, -0.31634720301723435], [0.018706760959434174, 0.9998193578112021, 0.003362861936203158], [0.3162339564751826, -0.009107495225449874, 0.9486375168117539]], "fy": 391.7729, "fx": 370.043}, {"id": 48, "img_name": "OBJ_SL_736357_IR_0_-999_1735_-74_800X600.png", "width": 800, "height": 600, "position": [3.951374487830499, -0.1725580949347486, -1.9812484500269534], "rotation": [[0.9479749218641883, -0.015614978391318922, -0.3179618215547656], [0.01758951373872287, 0.9998397143838078, 0.0033398424125782233], [0.3178587052811693, -0.008758880678729446, 0.9480976349966465]], "fy": 391.7729, "fx": 370.043}, {"id": 49, "img_name": "OBJ_SL_737274_IR_-1_-974_1651_-74_800X600.png", "width": 800, "height": 600, "position": [3.851024454016288, -0.1533828176124034, -1.6448366068410432], "rotation": [[0.9492394404327668, -0.016644141707508775, -0.3141137648587025], [0.018356236974719952, 0.9998284012971184, 0.0024932957659640933], [0.314018364576048, -0.008132681382484944, 0.9493820759854881]], "fy": 391.7729, "fx": 370.043}, {"id": 50, "img_name": "OBJ_SL_743775_IR_89_-844_790_-11_800X600.png", "width": 800, "height": 600, "position": [2.617174624611966, 0.004861237838390468, 1.4406859772362302], "rotation": [[0.18834370627709407, -0.027517509653322884, -0.9817175943051478], [0.061152855011763825, 0.9979962626900035, -0.016241551055725396], [0.9801974171715193, -0.05697583978551631, 0.18964908924383805]], "fy": 391.7729, "fx": 370.043}, {"id": 51, "img_name": "OBJ_SL_755861_IR_-1_-669_1972_-90_800X600.png", "width": 800, "height": 600, "position": [2.794444484863383, -0.19190474327212467, -3.0514780138639264], "rotation": [[0.9994843117971922, -0.00010121259279399765, -0.03211074940427466], [0.00017534795510431217, 0.9999973259615272, 0.0023059321086723286], [0.03211043014952784, -0.002310373520932317, 0.9994816568851107]], "fy": 391.7729, "fx": 370.043}, {"id": 52, "img_name": "OBJ_SL_756695_IR_-1_-670_1716_-90_800X600.png", "width": 800, "height": 600, "position": [2.8098116121766386, -0.14700416817419815, -2.0407240545988383], "rotation": [[0.9999992399531349, -0.0008403604947732255, -0.0009021570768023158], [0.0008375033879475111, 0.9999946479667055, -0.003162692843140728], [0.0009048100505500814, 0.0031619348797376655, 0.9999945917286698]], "fy": 391.7729, "fx": 370.043}, {"id": 53, "img_name": "OBJ_SL_772865_IR_-86_-401_2141_-34_800X600.png", "width": 800, "height": 600, "position": [1.0879389625897862, -0.19272390904391515, -3.9073221179607915], "rotation": [[0.5041622309015635, -0.02152238839720408, -0.8633407390654274], [0.04947779412897218, 0.9987672343884825, 0.00399492179064104], [0.8621904620328906, -0.04473028403288077, 0.5046055973429627]], "fy": 391.7729, "fx": 370.043}, {"id": 54, "img_name": "OBJ_SL_773531_IR_-12_-401_2134_-87_800X600.png", "width": 800, "height": 600, "position": [1.6551149143747501, -0.1889843159290586, -3.746387026358745], "rotation": [[0.9941077010637749, -0.001066563188595414, -0.1083916100473711], [0.0021876405269200066, 0.9999453358549016, 0.010224457489426832], [0.10837477988269044, -0.01040133380835614, 0.9940556922730164]], "fy": 391.7729, "fx": 370.043}, {"id": 55, "img_name": "OBJ_SL_774448_IR_-2_-404_1934_-90_800X600.png", "width": 800, "height": 600, "position": [1.6867352976759553, -0.15642016220969976, -2.944581384129636], "rotation": [[0.9997598698914245, 0.002843112308191628, -0.021728305665307895], [-0.0028241641973348326, 0.99999560461996, 0.0009026834146742658], [0.021730776591473534, -0.0008411023502791805, 0.9997635049828375]], "fy": 391.7729, "fx": 370.043}, {"id": 56, "img_name": "OBJ_SL_774615_IR_-1_-404_1888_-90_800X600.png", "width": 800, "height": 600, "position": [1.6828243914186163, -0.14542627982865822, -2.7362268499428444], "rotation": [[0.999837213044715, 0.0007876300221176174, -0.01802573299274119], [-0.0007919742307539985, 0.999999659042372, -0.00023386311740299684], [0.018025542649117685, 0.0002481009635588645, 0.9998374959252713]], "fy": 391.7729, "fx": 370.043}, {"id": 57, "img_name": "OBJ_SL_775199_IR_0_-410_1714_-91_800X600.png", "width": 800, "height": 600, "position": [1.6740090305937962, -0.11799356713388087, -2.017238341271848], "rotation": [[0.9998902930455857, 0.0021309219612997313, -0.01465813920004208], [-0.002179705509574764, 0.999992136706717, -0.003312915426963796], [0.01465096437455532, 0.003344502403876516, 0.9998870753973002]], "fy": 391.7729, "fx": 370.043}, {"id": 58, "img_name": "OBJ_SL_775449_IR_3_-411_1640_-91_800X600.png", "width": 800, "height": 600, "position": [1.666274328847003, -0.10386994138114237, -1.7106987358756358], "rotation": [[0.9997648628044322, 1.4161318551590532e-06, -0.02168453595604949], [-7.319878468920343e-05, 0.9999945208380195, -0.003309522001382208], [0.021684412456244993, 0.0033103310913386664, 0.9997593850344658]], "fy": 391.7729, "fx": 370.043}, {"id": 59, "img_name": "OBJ_SL_775866_IR_1_-412_1522_-90_800X600.png", "width": 800, "height": 600, "position": [1.652970205388667, -0.08181095660798428, -1.2130393141267104], "rotation": [[0.9994994095430298, 0.0003225045245505114, -0.031635839074794135], [-0.0004346812287979539, 0.9999936430303279, -0.003539060774056373], [0.031634496603612304, 0.0035510406594093298, 0.999493195942259]], "fy": 391.7729, "fx": 370.043}, {"id": 60, "img_name": "OBJ_SL_776867_IR_89_-404_1389_-59_800X600.png", "width": 800, "height": 600, "position": [1.290460425066044, -0.05137156092263964, -0.7003219450341034], "rotation": [[0.8540633932496968, -0.022065921417082374, -0.519700697924131], [0.025618685764115627, 0.9996717284743203, -0.00034384427384595925], [0.519537682223853, -0.013020384064239538, 0.8543483284634474]], "fy": 391.7729, "fx": 370.043}, {"id": 61, "img_name": "OBJ_SL_784952_IR_-7_-216_2078_-45_800X600.png", "width": 800, "height": 600, "position": [0.4816023803765127, -0.16868354467453212, -3.674436532742798], "rotation": [[0.6825337807991403, -0.02539513566922415, -0.7304127087834473], [0.04262066681833212, 0.9990783570366726, 0.005090703376119965], [0.7296102499471836, -0.03460525372316486, 0.6829870859589978]], "fy": 391.7729, "fx": 370.043}, {"id": 62, "img_name": "OBJ_SL_786036_IR_0_-136_1995_-45_800X600.png", "width": 800, "height": 600, "position": [0.09348644446262766, -0.14129281654472273, -3.2959847797707384], "rotation": [[0.6884520905104196, -0.026429137060255816, -0.7248001240246053], [0.04183995245069464, 0.9991188435354751, 0.003309814384320493], [0.7240739861718253, -0.03260425135753396, 0.6889512503382644]], "fy": 391.7729, "fx": 370.043}, {"id": 63, "img_name": "OBJ_SL_786203_IR_-1_-128_1987_-45_800X600.png", "width": 800, "height": 600, "position": [0.05847353222285699, -0.14134736516010157, -3.263211413945623], "rotation": [[0.6886681650767915, -0.02735517963830837, -0.7245604547287416], [0.041736427218399624, 0.9991267571955864, 0.0019477419939498378], [0.7238744566931534, -0.0315819125891331, 0.6892084980210301]], "fy": 391.7729, "fx": 370.043}, {"id": 64, "img_name": "OBJ_SL_824044_IR_-14_463_1809_-89_800X600.png", "width": 800, "height": 600, "position": [-1.927071621877608, -0.05897927247752692, -2.5286360143437308], "rotation": [[0.9980314724187663, -0.006898209187835997, -0.062334539154709344], [0.006732928010496826, 0.9999732402974366, -0.0028611832255879335], [0.06235260814139699, 0.0024358569427972462, 0.9980512105392788]], "fy": 391.7729, "fx": 370.043}, {"id": 65, "img_name": "OBJ_SL_824712_IR_-1_459_1620_-92_800X600.png", "width": 800, "height": 600, "position": [-1.9007355985285577, -0.02715992530591765, -1.7846216235023074], "rotation": [[0.9999907322063846, -0.004204847553187583, 0.0009245314454487496], [0.004208354094901713, 0.9999838327962223, -0.0038241210740512783], [-0.0009084366522191545, 0.003827976388580722, 0.99999226063986]], "fy": 391.7729, "fx": 370.043}, {"id": 66, "img_name": "OBJ_SL_825463_IR_0_451_1488_-92_800X600.png", "width": 800, "height": 600, "position": [-1.9015165630163275, -0.002482354322050228, -1.2031198491681137], "rotation": [[0.9999920229729399, -0.0038020286876167472, -0.0012241602615444705], [0.0037932699031397463, 0.9999677455530723, -0.007079474341218449], [0.001251037141470843, 0.007074774297783322, 0.9999741909042984]], "fy": 391.7729, "fx": 370.043}, {"id": 67, "img_name": "OBJ_SL_832380_IR_-1_602_1705_-90_800X600.png", "width": 800, "height": 600, "position": [-2.459877724673558, -0.03014526605188852, -2.1214113848475047], "rotation": [[0.9988629514918641, -0.005210611877784742, -0.04738832831848862], [0.005003816760547119, 0.9999774390784623, -0.004481422977978155], [0.047410610149930046, 0.004239204871172357, 0.9988664891702351]], "fy": 391.7729, "fx": 370.043}, {"id": 68, "img_name": "OBJ_SL_832880_IR_0_599_1561_-90_800X600.png", "width": 800, "height": 600, "position": [-2.4777381672671983, -0.004722228170804453, -1.52542481167421], "rotation": [[0.9992024124648938, -0.004373767141534739, -0.03969142332201978], [0.0041852926408475774, 0.9999795753332587, -0.004830345932332461], [0.03971173944624703, 0.004660373086692167, 0.9992003095840426]], "fy": 391.7729, "fx": 370.043}, {"id": 69, "img_name": "OBJ_SL_882722_IR_-86_457_-251_119_800X600.png", "width": 800, "height": 600, "position": [-1.9775608165844065, 0.25208790963593225, 4.549950305999919], "rotation": [[-0.832643494193782, 0.07164102060062272, 0.5491560577322898], [0.02205356480857989, 0.9951003373112729, -0.09637924549520352], [-0.5533700857979249, -0.0681387030276633, -0.8301437618230378]], "fy": 391.7729, "fx": 370.043}, {"id": 70, "img_name": "OBJ_SL_883056_IR_-20_455_-243_93_800X600.png", "width": 800, "height": 600, "position": [-2.281913546272969, 0.2559232062491006, 4.5067877454063225], "rotation": [[-0.9901178983644128, 0.05728230465663388, 0.12800501908777454], [0.045524347649298046, 0.9946280004833468, -0.09296598531508908], [-0.1326426820806289, -0.08621994100974603, -0.987406725044311]], "fy": 391.7729, "fx": 370.043}, {"id": 71, "img_name": "OBJ_SL_884225_IR_0_457_-6_88_800X600.png", "width": 800, "height": 600, "position": [-2.320064153156987, 0.2108728834259862, 3.514783292947799], "rotation": [[-0.998648979802782, 0.05084990137752929, 0.010700591981678668], [0.049673659200490286, 0.9946375508371742, -0.09071201709950763], [-0.01525590772443149, -0.09005792577293441, -0.9958196760884874]], "fy": 391.7729, "fx": 370.043}, {"id": 72, "img_name": "OBJ_SL_924066_IR_2_-449_-44_89_800X600.png", "width": 800, "height": 600, "position": [1.4040764233572565, 0.13750092297457983, 3.7913645707799883], "rotation": [[-0.9983366630831674, 0.05036766806343059, 0.02805361220623663], [0.04766591263434326, 0.9948161902027798, -0.08982599002049288], [-0.03243251326525574, -0.08833937810670055, -0.9955622965736597]], "fy": 391.7729, "fx": 370.043}]